,202111,202112,202201,202202,202203,202204
square&retrofit,2,4,1,3,5,2
