,201912,202001,202002,202003
open-guides&og-aws,1,1,2,
