,201901,201902,201903,201904,201905,201906,201907,201908,201909,201910,201911,201912,202001,202002,202003,202004,202005,202006,202007,202008,202009,202010,202011,202012,202101,202102,202103,202104,202105,202106,202107,202108,202109,202110,202111,202112,202201,202202,202203,202204
PowerShell&PowerShell,38531,6498,12931,15848,7071,5459,14480,14073,6782,11618,55078,13187,8920,5454,7791,2807,13678,7303,27083,16529,1896,2507,18418,6695,2289,5264,1842,6736,6802,4454,4495,4929,6426,15116,4174,2151,3800,4003,4950,2008
