,202004,202005,202006,202007,202008,202009,202010,202011,202012
open-guides&og-aws,,9,17,2479,,,,59,146
