,202101,202102,202103,202104,202105,202106,202107,202108,202109,202110
nvbn&thefuck,,,,,,,1,1,,
