,201901,201902,201903,201904,201905,201906,201907,201908,201909,201910,201911
vuejs&vue,181,561,778,281,202,3531,154,1479,2239,154,885
