,202004,202005,202006,202007,202008,202009,202010,202011,202012
pi-hole&pi-hole,9,8,4,7,9,11,9,14,8
