,201912,202001,202002,202003
spring-projects&spring-framework,122,118,94,111
